ITER= 1460
AOA= 2.98911479797665
SIDESLIP_ANGLE= 0
DCD_DCL_VALUE= 0.0849247617622386
DCMZ_DCL_VALUE= 0.0230376917369068
INITIAL_BCTHRUST= 4000
